# r [Mpc/h]    xi(r)
5.000000e+01 1.051311e-02
5.005000e+01 1.047440e-02
5.010000e+01 1.043585e-02
5.015000e+01 1.039745e-02
5.020000e+01 1.035920e-02
5.025000e+01 1.032111e-02
5.030000e+01 1.028316e-02
5.035000e+01 1.024537e-02
5.040000e+01 1.020772e-02
5.045000e+01 1.017022e-02
5.050000e+01 1.013287e-02
5.055000e+01 1.009567e-02
5.060000e+01 1.005862e-02
5.065000e+01 1.002171e-02
5.070000e+01 9.984940e-03
5.075000e+01 9.948320e-03
5.080000e+01 9.911844e-03
5.085000e+01 9.875511e-03
5.090000e+01 9.839322e-03
5.095000e+01 9.803275e-03
5.100000e+01 9.767370e-03
5.105000e+01 9.731606e-03
5.110000e+01 9.695983e-03
5.115000e+01 9.660499e-03
5.120000e+01 9.625154e-03
5.125000e+01 9.589947e-03
5.130000e+01 9.554878e-03
5.135000e+01 9.519947e-03
5.140000e+01 9.485152e-03
5.145000e+01 9.450494e-03
5.150000e+01 9.415971e-03
5.155000e+01 9.381583e-03
5.160000e+01 9.347330e-03
5.165000e+01 9.313211e-03
5.170000e+01 9.279226e-03
5.175000e+01 9.245373e-03
5.180000e+01 9.211652e-03
5.185000e+01 9.178062e-03
5.190000e+01 9.144604e-03
5.195000e+01 9.111275e-03
5.200000e+01 9.078076e-03
5.205000e+01 9.045007e-03
5.210000e+01 9.012066e-03
5.215000e+01 8.979254e-03
5.220000e+01 8.946570e-03
5.225000e+01 8.914012e-03
5.230000e+01 8.881582e-03
5.235000e+01 8.849278e-03
5.240000e+01 8.817099e-03
5.245000e+01 8.785044e-03
5.250000e+01 8.753114e-03
5.255000e+01 8.721308e-03
5.260000e+01 8.689624e-03
5.265000e+01 8.658064e-03
5.270000e+01 8.626625e-03
5.275000e+01 8.595309e-03
5.280000e+01 8.564114e-03
5.285000e+01 8.533040e-03
5.290000e+01 8.502086e-03
5.295000e+01 8.471252e-03
5.300000e+01 8.440537e-03
5.305000e+01 8.409941e-03
5.310000e+01 8.379463e-03
5.315000e+01 8.349102e-03
5.320000e+01 8.318857e-03
5.325000e+01 8.288730e-03
5.330000e+01 8.258718e-03
5.335000e+01 8.228823e-03
5.340000e+01 8.199042e-03
5.345000e+01 8.169376e-03
5.350000e+01 8.139825e-03
5.355000e+01 8.110388e-03
5.360000e+01 8.081063e-03
5.365000e+01 8.051852e-03
5.370000e+01 8.022752e-03
5.375000e+01 7.993764e-03
5.380000e+01 7.964887e-03
5.385000e+01 7.936120e-03
5.390000e+01 7.907464e-03
5.395000e+01 7.878917e-03
5.400000e+01 7.850480e-03
5.405000e+01 7.822152e-03
5.410000e+01 7.793933e-03
5.415000e+01 7.765821e-03
5.420000e+01 7.737818e-03
5.425000e+01 7.709921e-03
5.430000e+01 7.682131e-03
5.435000e+01 7.654446e-03
5.440000e+01 7.626867e-03
5.445000e+01 7.599393e-03
5.450000e+01 7.572024e-03
5.455000e+01 7.544759e-03
5.460000e+01 7.517598e-03
5.465000e+01 7.490540e-03
5.470000e+01 7.463586e-03
5.475000e+01 7.436734e-03
5.480000e+01 7.409985e-03
5.485000e+01 7.383337e-03
5.490000e+01 7.356791e-03
5.495000e+01 7.330345e-03
5.500000e+01 7.303999e-03
5.505000e+01 7.277753e-03
5.510000e+01 7.251606e-03
5.515000e+01 7.225559e-03
5.520000e+01 7.199610e-03
5.525000e+01 7.173759e-03
5.530000e+01 7.148007e-03
5.535000e+01 7.122352e-03
5.540000e+01 7.096795e-03
5.545000e+01 7.071334e-03
5.550000e+01 7.045969e-03
5.555000e+01 7.020700e-03
5.560000e+01 6.995527e-03
5.565000e+01 6.970448e-03
5.570000e+01 6.945464e-03
5.575000e+01 6.920574e-03
5.580000e+01 6.895778e-03
5.585000e+01 6.871075e-03
5.590000e+01 6.846466e-03
5.595000e+01 6.821949e-03
5.600000e+01 6.797525e-03
5.605000e+01 6.773193e-03
5.610000e+01 6.748953e-03
5.615000e+01 6.724804e-03
5.620000e+01 6.700745e-03
5.625000e+01 6.676777e-03
5.630000e+01 6.652899e-03
5.635000e+01 6.629110e-03
5.640000e+01 6.605411e-03
5.645000e+01 6.581801e-03
5.650000e+01 6.558279e-03
5.655000e+01 6.534846e-03
5.660000e+01 6.511501e-03
5.665000e+01 6.488243e-03
5.670000e+01 6.465073e-03
5.675000e+01 6.441990e-03
5.680000e+01 6.418993e-03
5.685000e+01 6.396083e-03
5.690000e+01 6.373257e-03
5.695000e+01 6.350517e-03
5.700000e+01 6.327863e-03
5.705000e+01 6.305292e-03
5.710000e+01 6.282807e-03
5.715000e+01 6.260405e-03
5.720000e+01 6.238087e-03
5.725000e+01 6.215853e-03
5.730000e+01 6.193703e-03
5.735000e+01 6.171635e-03
5.740000e+01 6.149649e-03
5.745000e+01 6.127745e-03
5.750000e+01 6.105923e-03
5.755000e+01 6.084182e-03
5.760000e+01 6.062522e-03
5.765000e+01 6.040943e-03
5.770000e+01 6.019444e-03
5.775000e+01 5.998025e-03
5.780000e+01 5.976686e-03
5.785000e+01 5.955427e-03
5.790000e+01 5.934247e-03
5.795000e+01 5.913146e-03
5.800000e+01 5.892123e-03
5.805000e+01 5.871179e-03
5.810000e+01 5.850312e-03
5.815000e+01 5.829522e-03
5.820000e+01 5.808810e-03
5.825000e+01 5.788174e-03
5.830000e+01 5.767615e-03
5.835000e+01 5.747132e-03
5.840000e+01 5.726725e-03
5.845000e+01 5.706394e-03
5.850000e+01 5.686138e-03
5.855000e+01 5.665957e-03
5.860000e+01 5.645852e-03
5.865000e+01 5.625820e-03
5.870000e+01 5.605863e-03
5.875000e+01 5.585979e-03
5.880000e+01 5.566168e-03
5.885000e+01 5.546431e-03
5.890000e+01 5.526766e-03
5.895000e+01 5.507174e-03
5.900000e+01 5.487654e-03
5.905000e+01 5.468206e-03
5.910000e+01 5.448830e-03
5.915000e+01 5.429526e-03
5.920000e+01 5.410293e-03
5.925000e+01 5.391131e-03
5.930000e+01 5.372039e-03
5.935000e+01 5.353017e-03
5.940000e+01 5.334065e-03
5.945000e+01 5.315183e-03
5.950000e+01 5.296369e-03
5.955000e+01 5.277625e-03
5.960000e+01 5.258950e-03
5.965000e+01 5.240343e-03
5.970000e+01 5.221805e-03
5.975000e+01 5.203335e-03
5.980000e+01 5.184932e-03
5.985000e+01 5.166598e-03
5.990000e+01 5.148330e-03
5.995000e+01 5.130129e-03
6.000000e+01 5.111995e-03
6.005000e+01 5.093927e-03
6.010000e+01 5.075925e-03
6.015000e+01 5.057988e-03
6.020000e+01 5.040118e-03
6.025000e+01 5.022312e-03
6.030000e+01 5.004572e-03
6.035000e+01 4.986897e-03
6.040000e+01 4.969286e-03
6.045000e+01 4.951740e-03
6.050000e+01 4.934258e-03
6.055000e+01 4.916840e-03
6.060000e+01 4.899485e-03
6.065000e+01 4.882193e-03
6.070000e+01 4.864964e-03
6.075000e+01 4.847798e-03
6.080000e+01 4.830695e-03
6.085000e+01 4.813653e-03
6.090000e+01 4.796674e-03
6.095000e+01 4.779757e-03
6.100000e+01 4.762901e-03
6.105000e+01 4.746108e-03
6.110000e+01 4.729375e-03
6.115000e+01 4.712703e-03
6.120000e+01 4.696092e-03
6.125000e+01 4.679540e-03
6.130000e+01 4.663049e-03
6.135000e+01 4.646618e-03
6.140000e+01 4.630246e-03
6.145000e+01 4.613934e-03
6.150000e+01 4.597681e-03
6.155000e+01 4.581487e-03
6.160000e+01 4.565352e-03
6.165000e+01 4.549276e-03
6.170000e+01 4.533259e-03
6.175000e+01 4.517299e-03
6.180000e+01 4.501397e-03
6.185000e+01 4.485553e-03
6.190000e+01 4.469766e-03
6.195000e+01 4.454036e-03
6.200000e+01 4.438364e-03
6.205000e+01 4.422747e-03
6.210000e+01 4.407188e-03
6.215000e+01 4.391685e-03
6.220000e+01 4.376238e-03
6.225000e+01 4.360847e-03
6.230000e+01 4.345512e-03
6.235000e+01 4.330232e-03
6.240000e+01 4.315008e-03
6.245000e+01 4.299839e-03
6.250000e+01 4.284725e-03
6.255000e+01 4.269665e-03
6.260000e+01 4.254660e-03
6.265000e+01 4.239708e-03
6.270000e+01 4.224811e-03
6.275000e+01 4.209968e-03
6.280000e+01 4.195178e-03
6.285000e+01 4.180442e-03
6.290000e+01 4.165759e-03
6.295000e+01 4.151129e-03
6.300000e+01 4.136552e-03
6.305000e+01 4.122028e-03
6.310000e+01 4.107556e-03
6.315000e+01 4.093137e-03
6.320000e+01 4.078769e-03
6.325000e+01 4.064453e-03
6.330000e+01 4.050188e-03
6.335000e+01 4.035975e-03
6.340000e+01 4.021813e-03
6.345000e+01 4.007702e-03
6.350000e+01 3.993642e-03
6.355000e+01 3.979633e-03
6.360000e+01 3.965674e-03
6.365000e+01 3.951766e-03
6.370000e+01 3.937908e-03
6.375000e+01 3.924099e-03
6.380000e+01 3.910340e-03
6.385000e+01 3.896630e-03
6.390000e+01 3.882970e-03
6.395000e+01 3.869358e-03
6.400000e+01 3.855796e-03
6.405000e+01 3.842282e-03
6.410000e+01 3.828817e-03
6.415000e+01 3.815401e-03
6.420000e+01 3.802032e-03
6.425000e+01 3.788712e-03
6.430000e+01 3.775440e-03
6.435000e+01 3.762215e-03
6.440000e+01 3.749037e-03
6.445000e+01 3.735907e-03
6.450000e+01 3.722823e-03
6.455000e+01 3.709786e-03
6.460000e+01 3.696796e-03
6.465000e+01 3.683853e-03
6.470000e+01 3.670955e-03
6.475000e+01 3.658105e-03
6.480000e+01 3.645300e-03
6.485000e+01 3.632541e-03
6.490000e+01 3.619828e-03
6.495000e+01 3.607161e-03
6.500000e+01 3.594538e-03
6.505000e+01 3.581961e-03
6.510000e+01 3.569428e-03
6.515000e+01 3.556940e-03
6.520000e+01 3.544497e-03
6.525000e+01 3.532098e-03
6.530000e+01 3.519743e-03
6.535000e+01 3.507433e-03
6.540000e+01 3.495166e-03
6.545000e+01 3.482944e-03
6.550000e+01 3.470765e-03
6.555000e+01 3.458630e-03
6.560000e+01 3.446538e-03
6.565000e+01 3.434489e-03
6.570000e+01 3.422483e-03
6.575000e+01 3.410520e-03
6.580000e+01 3.398599e-03
6.585000e+01 3.386721e-03
6.590000e+01 3.374885e-03
6.595000e+01 3.363091e-03
6.600000e+01 3.351340e-03
6.605000e+01 3.339631e-03
6.610000e+01 3.327963e-03
6.615000e+01 3.316337e-03
6.620000e+01 3.304753e-03
6.625000e+01 3.293210e-03
6.630000e+01 3.281708e-03
6.635000e+01 3.270246e-03
6.640000e+01 3.258826e-03
6.645000e+01 3.247446e-03
6.650000e+01 3.236107e-03
6.655000e+01 3.224808e-03
6.660000e+01 3.213550e-03
6.665000e+01 3.202332e-03
6.670000e+01 3.191154e-03
6.675000e+01 3.180016e-03
6.680000e+01 3.168918e-03
6.685000e+01 3.157860e-03
6.690000e+01 3.146841e-03
6.695000e+01 3.135861e-03
6.700000e+01 3.124920e-03
6.705000e+01 3.114018e-03
6.710000e+01 3.103155e-03
6.715000e+01 3.092331e-03
6.720000e+01 3.081546e-03
6.725000e+01 3.070799e-03
6.730000e+01 3.060091e-03
6.735000e+01 3.049421e-03
6.740000e+01 3.038790e-03
6.745000e+01 3.028196e-03
6.750000e+01 3.017641e-03
6.755000e+01 3.007123e-03
6.760000e+01 2.996642e-03
6.765000e+01 2.986199e-03
6.770000e+01 2.975793e-03
6.775000e+01 2.965425e-03
6.780000e+01 2.955093e-03
6.785000e+01 2.944799e-03
6.790000e+01 2.934542e-03
6.795000e+01 2.924321e-03
6.800000e+01 2.914138e-03
6.805000e+01 2.903991e-03
6.810000e+01 2.893880e-03
6.815000e+01 2.883805e-03
6.820000e+01 2.873766e-03
6.825000e+01 2.863764e-03
6.830000e+01 2.853797e-03
6.835000e+01 2.843865e-03
6.840000e+01 2.833970e-03
6.845000e+01 2.824110e-03
6.850000e+01 2.814285e-03
6.855000e+01 2.804496e-03
6.860000e+01 2.794742e-03
6.865000e+01 2.785023e-03
6.870000e+01 2.775339e-03
6.875000e+01 2.765690e-03
6.880000e+01 2.756075e-03
6.885000e+01 2.746495e-03
6.890000e+01 2.736949e-03
6.895000e+01 2.727437e-03
6.900000e+01 2.717959e-03
6.905000e+01 2.708516e-03
6.910000e+01 2.699106e-03
6.915000e+01 2.689731e-03
6.920000e+01 2.680389e-03
6.925000e+01 2.671081e-03
6.930000e+01 2.661807e-03
6.935000e+01 2.652565e-03
6.940000e+01 2.643357e-03
6.945000e+01 2.634182e-03
6.950000e+01 2.625040e-03
6.955000e+01 2.615931e-03
6.960000e+01 2.606854e-03
6.965000e+01 2.597811e-03
6.970000e+01 2.588799e-03
6.975000e+01 2.579821e-03
6.980000e+01 2.570875e-03
6.985000e+01 2.561961e-03
6.990000e+01 2.553079e-03
6.995000e+01 2.544230e-03
7.000000e+01 2.535412e-03
7.005000e+01 2.526627e-03
7.010000e+01 2.517872e-03
7.015000e+01 2.509149e-03
7.020000e+01 2.500458e-03
7.025000e+01 2.491798e-03
7.030000e+01 2.483170e-03
7.035000e+01 2.474572e-03
7.040000e+01 2.466006e-03
7.045000e+01 2.457472e-03
7.050000e+01 2.448968e-03
7.055000e+01 2.440495e-03
7.060000e+01 2.432052e-03
7.065000e+01 2.423641e-03
7.070000e+01 2.415259e-03
7.075000e+01 2.406908e-03
7.080000e+01 2.398588e-03
7.085000e+01 2.390297e-03
7.090000e+01 2.382037e-03
7.095000e+01 2.373807e-03
7.100000e+01 2.365606e-03
7.105000e+01 2.357436e-03
7.110000e+01 2.349296e-03
7.115000e+01 2.341186e-03
7.120000e+01 2.333105e-03
7.125000e+01 2.325054e-03
7.130000e+01 2.317032e-03
7.135000e+01 2.309039e-03
7.140000e+01 2.301076e-03
7.145000e+01 2.293141e-03
7.150000e+01 2.285236e-03
7.155000e+01 2.277360e-03
7.160000e+01 2.269513e-03
7.165000e+01 2.261694e-03
7.170000e+01 2.253905e-03
7.175000e+01 2.246145e-03
7.180000e+01 2.238413e-03
7.185000e+01 2.230710e-03
7.190000e+01 2.223035e-03
7.195000e+01 2.215388e-03
7.200000e+01 2.207770e-03
7.205000e+01 2.200180e-03
7.210000e+01 2.192618e-03
7.215000e+01 2.185084e-03
7.220000e+01 2.177578e-03
7.225000e+01 2.170100e-03
7.230000e+01 2.162650e-03
7.235000e+01 2.155228e-03
7.240000e+01 2.147834e-03
7.245000e+01 2.140467e-03
7.250000e+01 2.133128e-03
7.255000e+01 2.125817e-03
7.260000e+01 2.118532e-03
7.265000e+01 2.111275e-03
7.270000e+01 2.104045e-03
7.275000e+01 2.096843e-03
7.280000e+01 2.089667e-03
7.285000e+01 2.082519e-03
7.290000e+01 2.075397e-03
7.295000e+01 2.068303e-03
7.300000e+01 2.061236e-03
7.305000e+01 2.054195e-03
7.310000e+01 2.047182e-03
7.315000e+01 2.040194e-03
7.320000e+01 2.033234e-03
7.325000e+01 2.026299e-03
7.330000e+01 2.019392e-03
7.335000e+01 2.012510e-03
7.340000e+01 2.005655e-03
7.345000e+01 1.998826e-03
7.350000e+01 1.992023e-03
7.355000e+01 1.985246e-03
7.360000e+01 1.978496e-03
7.365000e+01 1.971772e-03
7.370000e+01 1.965073e-03
7.375000e+01 1.958401e-03
7.380000e+01 1.951754e-03
7.385000e+01 1.945133e-03
7.390000e+01 1.938537e-03
7.395000e+01 1.931967e-03
7.400000e+01 1.925422e-03
7.405000e+01 1.918903e-03
7.410000e+01 1.912409e-03
7.415000e+01 1.905941e-03
7.420000e+01 1.899498e-03
7.425000e+01 1.893081e-03
7.430000e+01 1.886688e-03
7.435000e+01 1.880321e-03
7.440000e+01 1.873979e-03
7.445000e+01 1.867662e-03
7.450000e+01 1.861369e-03
7.455000e+01 1.855101e-03
7.460000e+01 1.848858e-03
7.465000e+01 1.842640e-03
7.470000e+01 1.836446e-03
7.475000e+01 1.830278e-03
7.480000e+01 1.824133e-03
7.485000e+01 1.818014e-03
7.490000e+01 1.811919e-03
7.495000e+01 1.805848e-03
7.500000e+01 1.799802e-03
7.505000e+01 1.793780e-03
7.510000e+01 1.787782e-03
7.515000e+01 1.781809e-03
7.520000e+01 1.775859e-03
7.525000e+01 1.769933e-03
7.530000e+01 1.764032e-03
7.535000e+01 1.758154e-03
7.540000e+01 1.752301e-03
7.545000e+01 1.746471e-03
7.550000e+01 1.740666e-03
7.555000e+01 1.734884e-03
7.560000e+01 1.729126e-03
7.565000e+01 1.723392e-03
7.570000e+01 1.717681e-03
7.575000e+01 1.711994e-03
7.580000e+01 1.706331e-03
7.585000e+01 1.700690e-03
7.590000e+01 1.695074e-03
7.595000e+01 1.689480e-03
7.600000e+01 1.683911e-03
7.605000e+01 1.678364e-03
7.610000e+01 1.672841e-03
7.615000e+01 1.667342e-03
7.620000e+01 1.661866e-03
7.625000e+01 1.656413e-03
7.630000e+01 1.650983e-03
7.635000e+01 1.645576e-03
7.640000e+01 1.640192e-03
7.645000e+01 1.634831e-03
7.650000e+01 1.629493e-03
7.655000e+01 1.624178e-03
7.660000e+01 1.618886e-03
7.665000e+01 1.613617e-03
7.670000e+01 1.608371e-03
7.675000e+01 1.603148e-03
7.680000e+01 1.597947e-03
7.685000e+01 1.592770e-03
7.690000e+01 1.587615e-03
7.695000e+01 1.582483e-03
7.700000e+01 1.577374e-03
7.705000e+01 1.572287e-03
7.710000e+01 1.567223e-03
7.715000e+01 1.562181e-03
7.720000e+01 1.557162e-03
7.725000e+01 1.552165e-03
7.730000e+01 1.547192e-03
7.735000e+01 1.542240e-03
7.740000e+01 1.537312e-03
7.745000e+01 1.532406e-03
7.750000e+01 1.527522e-03
7.755000e+01 1.522660e-03
7.760000e+01 1.517821e-03
7.765000e+01 1.513004e-03
7.770000e+01 1.508210e-03
7.775000e+01 1.503438e-03
7.780000e+01 1.498688e-03
7.785000e+01 1.493960e-03
7.790000e+01 1.489255e-03
7.795000e+01 1.484572e-03
7.800000e+01 1.479911e-03
7.805000e+01 1.475272e-03
7.810000e+01 1.470656e-03
7.815000e+01 1.466062e-03
7.820000e+01 1.461490e-03
7.825000e+01 1.456940e-03
7.830000e+01 1.452412e-03
7.835000e+01 1.447906e-03
7.840000e+01 1.443422e-03
7.845000e+01 1.438961e-03
7.850000e+01 1.434521e-03
7.855000e+01 1.430103e-03
7.860000e+01 1.425708e-03
7.865000e+01 1.421335e-03
7.870000e+01 1.416983e-03
7.875000e+01 1.412654e-03
7.880000e+01 1.408346e-03
7.885000e+01 1.404061e-03
7.890000e+01 1.399797e-03
7.895000e+01 1.395555e-03
7.900000e+01 1.391335e-03
7.905000e+01 1.387137e-03
7.910000e+01 1.382960e-03
7.915000e+01 1.378806e-03
7.920000e+01 1.374673e-03
7.925000e+01 1.370563e-03
7.930000e+01 1.366474e-03
7.935000e+01 1.362407e-03
7.940000e+01 1.358362e-03
7.945000e+01 1.354339e-03
7.950000e+01 1.350337e-03
7.955000e+01 1.346357e-03
7.960000e+01 1.342399e-03
7.965000e+01 1.338462e-03
7.970000e+01 1.334548e-03
7.975000e+01 1.330655e-03
7.980000e+01 1.326783e-03
7.985000e+01 1.322934e-03
7.990000e+01 1.319106e-03
7.995000e+01 1.315300e-03
8.000000e+01 1.311516e-03
8.005000e+01 1.307753e-03
8.010000e+01 1.304012e-03
8.015000e+01 1.300293e-03
8.020000e+01 1.296595e-03
8.025000e+01 1.292919e-03
8.030000e+01 1.289264e-03
8.035000e+01 1.285631e-03
8.040000e+01 1.282020e-03
8.045000e+01 1.278430e-03
8.050000e+01 1.274862e-03
8.055000e+01 1.271316e-03
8.060000e+01 1.267791e-03
8.065000e+01 1.264289e-03
8.070000e+01 1.260807e-03
8.075000e+01 1.257347e-03
8.080000e+01 1.253909e-03
8.085000e+01 1.250492e-03
8.090000e+01 1.247097e-03
8.095000e+01 1.243724e-03
8.100000e+01 1.240372e-03
8.105000e+01 1.237042e-03
8.110000e+01 1.233733e-03
8.115000e+01 1.230447e-03
8.120000e+01 1.227182e-03
8.125000e+01 1.223938e-03
8.130000e+01 1.220717e-03
8.135000e+01 1.217516e-03
8.140000e+01 1.214338e-03
8.145000e+01 1.211181e-03
8.150000e+01 1.208046e-03
8.155000e+01 1.204932e-03
8.160000e+01 1.201840e-03
8.165000e+01 1.198770e-03
8.170000e+01 1.195721e-03
8.175000e+01 1.192695e-03
8.180000e+01 1.189690e-03
8.185000e+01 1.186707e-03
8.190000e+01 1.183746e-03
8.195000e+01 1.180807e-03
8.200000e+01 1.177889e-03
8.205000e+01 1.174993e-03
8.210000e+01 1.172119e-03
8.215000e+01 1.169266e-03
8.220000e+01 1.166436e-03
8.225000e+01 1.163627e-03
8.230000e+01 1.160840e-03
8.235000e+01 1.158076e-03
8.240000e+01 1.155333e-03
8.245000e+01 1.152612e-03
8.250000e+01 1.149914e-03
8.255000e+01 1.147237e-03
8.260000e+01 1.144582e-03
8.265000e+01 1.141950e-03
8.270000e+01 1.139339e-03
8.275000e+01 1.136750e-03
8.280000e+01 1.134183e-03
8.285000e+01 1.131638e-03
8.290000e+01 1.129116e-03
8.295000e+01 1.126616e-03
8.300000e+01 1.124138e-03
8.305000e+01 1.121682e-03
8.310000e+01 1.119249e-03
8.315000e+01 1.116837e-03
8.320000e+01 1.114449e-03
8.325000e+01 1.112082e-03
8.330000e+01 1.109737e-03
8.335000e+01 1.107415e-03
8.340000e+01 1.105115e-03
8.345000e+01 1.102838e-03
8.350000e+01 1.100583e-03
8.355000e+01 1.098351e-03
8.360000e+01 1.096141e-03
8.365000e+01 1.093954e-03
8.370000e+01 1.091789e-03
8.375000e+01 1.089647e-03
8.380000e+01 1.087527e-03
8.385000e+01 1.085430e-03
8.390000e+01 1.083356e-03
8.395000e+01 1.081304e-03
8.400000e+01 1.079275e-03
8.405000e+01 1.077269e-03
8.410000e+01 1.075285e-03
8.415000e+01 1.073324e-03
8.420000e+01 1.071386e-03
8.425000e+01 1.069471e-03
8.430000e+01 1.067579e-03
8.435000e+01 1.065710e-03
8.440000e+01 1.063864e-03
8.445000e+01 1.062040e-03
8.450000e+01 1.060240e-03
8.455000e+01 1.058463e-03
8.460000e+01 1.056708e-03
8.465000e+01 1.054977e-03
8.470000e+01 1.053268e-03
8.475000e+01 1.051583e-03
8.480000e+01 1.049921e-03
8.485000e+01 1.048283e-03
8.490000e+01 1.046667e-03
8.495000e+01 1.045075e-03
8.500000e+01 1.043506e-03
8.505000e+01 1.041961e-03
8.510000e+01 1.040439e-03
8.515000e+01 1.038940e-03
8.520000e+01 1.037464e-03
8.525000e+01 1.036012e-03
8.530000e+01 1.034583e-03
8.535000e+01 1.033178e-03
8.540000e+01 1.031796e-03
8.545000e+01 1.030438e-03
8.550000e+01 1.029103e-03
8.555000e+01 1.027792e-03
8.560000e+01 1.026505e-03
8.565000e+01 1.025241e-03
8.570000e+01 1.024001e-03
8.575000e+01 1.022785e-03
8.580000e+01 1.021592e-03
8.585000e+01 1.020423e-03
8.590000e+01 1.019278e-03
8.595000e+01 1.018157e-03
8.600000e+01 1.017059e-03
8.605000e+01 1.015986e-03
8.610000e+01 1.014936e-03
8.615000e+01 1.013910e-03
8.620000e+01 1.012909e-03
8.625000e+01 1.011931e-03
8.630000e+01 1.010978e-03
8.635000e+01 1.010048e-03
8.640000e+01 1.009142e-03
8.645000e+01 1.008261e-03
8.650000e+01 1.007404e-03
8.655000e+01 1.006570e-03
8.660000e+01 1.005761e-03
8.665000e+01 1.004976e-03
8.670000e+01 1.004216e-03
8.675000e+01 1.003480e-03
8.680000e+01 1.002768e-03
8.685000e+01 1.002080e-03
8.690000e+01 1.001417e-03
8.695000e+01 1.000779e-03
8.700000e+01 1.000165e-03
8.705000e+01 9.995748e-04
8.710000e+01 9.990094e-04
8.715000e+01 9.984684e-04
8.720000e+01 9.979520e-04
8.725000e+01 9.974601e-04
8.730000e+01 9.969929e-04
8.735000e+01 9.965505e-04
8.740000e+01 9.961327e-04
8.745000e+01 9.957398e-04
8.750000e+01 9.953715e-04
8.755000e+01 9.950281e-04
8.760000e+01 9.947094e-04
8.765000e+01 9.944154e-04
8.770000e+01 9.941461e-04
8.775000e+01 9.939017e-04
8.780000e+01 9.936821e-04
8.785000e+01 9.934874e-04
8.790000e+01 9.933177e-04
8.795000e+01 9.931731e-04
8.800000e+01 9.930535e-04
8.805000e+01 9.929590e-04
8.810000e+01 9.928896e-04
8.815000e+01 9.928453e-04
8.820000e+01 9.928261e-04
8.825000e+01 9.928319e-04
8.830000e+01 9.928629e-04
8.835000e+01 9.929189e-04
8.840000e+01 9.930000e-04
8.845000e+01 9.931064e-04
8.850000e+01 9.932380e-04
8.855000e+01 9.933949e-04
8.860000e+01 9.935771e-04
8.865000e+01 9.937847e-04
8.870000e+01 9.940178e-04
8.875000e+01 9.942762e-04
8.880000e+01 9.945599e-04
8.885000e+01 9.948690e-04
8.890000e+01 9.952034e-04
8.895000e+01 9.955632e-04
8.900000e+01 9.959483e-04
8.905000e+01 9.963587e-04
8.910000e+01 9.967947e-04
8.915000e+01 9.972561e-04
8.920000e+01 9.977430e-04
8.925000e+01 9.982555e-04
8.930000e+01 9.987936e-04
8.935000e+01 9.993572e-04
8.940000e+01 9.999464e-04
8.945000e+01 1.000561e-03
8.950000e+01 1.001201e-03
8.955000e+01 1.001867e-03
8.960000e+01 1.002558e-03
8.965000e+01 1.003274e-03
8.970000e+01 1.004016e-03
8.975000e+01 1.004784e-03
8.980000e+01 1.005577e-03
8.985000e+01 1.006396e-03
8.990000e+01 1.007240e-03
8.995000e+01 1.008110e-03
9.000000e+01 1.009006e-03
9.005000e+01 1.009927e-03
9.010000e+01 1.010873e-03
9.015000e+01 1.011845e-03
9.020000e+01 1.012843e-03
9.025000e+01 1.013865e-03
9.030000e+01 1.014914e-03
9.035000e+01 1.015987e-03
9.040000e+01 1.017086e-03
9.045000e+01 1.018211e-03
9.050000e+01 1.019361e-03
9.055000e+01 1.020536e-03
9.060000e+01 1.021737e-03
9.065000e+01 1.022963e-03
9.070000e+01 1.024215e-03
9.075000e+01 1.025491e-03
9.080000e+01 1.026793e-03
9.085000e+01 1.028120e-03
9.090000e+01 1.029473e-03
9.095000e+01 1.030850e-03
9.100000e+01 1.032252e-03
9.105000e+01 1.033680e-03
9.110000e+01 1.035133e-03
9.115000e+01 1.036610e-03
9.120000e+01 1.038113e-03
9.125000e+01 1.039641e-03
9.130000e+01 1.041193e-03
9.135000e+01 1.042771e-03
9.140000e+01 1.044373e-03
9.145000e+01 1.046000e-03
9.150000e+01 1.047651e-03
9.155000e+01 1.049327e-03
9.160000e+01 1.051028e-03
9.165000e+01 1.052753e-03
9.170000e+01 1.054503e-03
9.175000e+01 1.056277e-03
9.180000e+01 1.058076e-03
9.185000e+01 1.059898e-03
9.190000e+01 1.061746e-03
9.195000e+01 1.063617e-03
9.200000e+01 1.065512e-03
9.205000e+01 1.067431e-03
9.210000e+01 1.069375e-03
9.215000e+01 1.071341e-03
9.220000e+01 1.073332e-03
9.225000e+01 1.075346e-03
9.230000e+01 1.077384e-03
9.235000e+01 1.079446e-03
9.240000e+01 1.081531e-03
9.245000e+01 1.083640e-03
9.250000e+01 1.085772e-03
9.255000e+01 1.087927e-03
9.260000e+01 1.090105e-03
9.265000e+01 1.092306e-03
9.270000e+01 1.094530e-03
9.275000e+01 1.096776e-03
9.280000e+01 1.099046e-03
9.285000e+01 1.101338e-03
9.290000e+01 1.103652e-03
9.295000e+01 1.105989e-03
9.300000e+01 1.108348e-03
9.305000e+01 1.110729e-03
9.310000e+01 1.113132e-03
9.315000e+01 1.115558e-03
9.320000e+01 1.118005e-03
9.325000e+01 1.120474e-03
9.330000e+01 1.122964e-03
9.335000e+01 1.125476e-03
9.340000e+01 1.128009e-03
9.345000e+01 1.130563e-03
9.350000e+01 1.133138e-03
9.355000e+01 1.135734e-03
9.360000e+01 1.138351e-03
9.365000e+01 1.140988e-03
9.370000e+01 1.143646e-03
9.375000e+01 1.146325e-03
9.380000e+01 1.149023e-03
9.385000e+01 1.151742e-03
9.390000e+01 1.154481e-03
9.395000e+01 1.157239e-03
9.400000e+01 1.160016e-03
9.405000e+01 1.162813e-03
9.410000e+01 1.165630e-03
9.415000e+01 1.168465e-03
9.420000e+01 1.171319e-03
9.425000e+01 1.174192e-03
9.430000e+01 1.177084e-03
9.435000e+01 1.179994e-03
9.440000e+01 1.182923e-03
9.445000e+01 1.185869e-03
9.450000e+01 1.188833e-03
9.455000e+01 1.191815e-03
9.460000e+01 1.194814e-03
9.465000e+01 1.197831e-03
9.470000e+01 1.200864e-03
9.475000e+01 1.203914e-03
9.480000e+01 1.206981e-03
9.485000e+01 1.210065e-03
9.490000e+01 1.213165e-03
9.495000e+01 1.216281e-03
9.500000e+01 1.219413e-03
9.505000e+01 1.222560e-03
9.510000e+01 1.225723e-03
9.515000e+01 1.228901e-03
9.520000e+01 1.232094e-03
9.525000e+01 1.235301e-03
9.530000e+01 1.238523e-03
9.535000e+01 1.241759e-03
9.540000e+01 1.245009e-03
9.545000e+01 1.248273e-03
9.550000e+01 1.251551e-03
9.555000e+01 1.254842e-03
9.560000e+01 1.258146e-03
9.565000e+01 1.261463e-03
9.570000e+01 1.264792e-03
9.575000e+01 1.268133e-03
9.580000e+01 1.271487e-03
9.585000e+01 1.274852e-03
9.590000e+01 1.278228e-03
9.595000e+01 1.281616e-03
9.600000e+01 1.285015e-03
9.605000e+01 1.288424e-03
9.610000e+01 1.291843e-03
9.615000e+01 1.295273e-03
9.620000e+01 1.298713e-03
9.625000e+01 1.302162e-03
9.630000e+01 1.305620e-03
9.635000e+01 1.309087e-03
9.640000e+01 1.312563e-03
9.645000e+01 1.316046e-03
9.650000e+01 1.319538e-03
9.655000e+01 1.323038e-03
9.660000e+01 1.326544e-03
9.665000e+01 1.330058e-03
9.670000e+01 1.333579e-03
9.675000e+01 1.337106e-03
9.680000e+01 1.340639e-03
9.685000e+01 1.344177e-03
9.690000e+01 1.347722e-03
9.695000e+01 1.351271e-03
9.700000e+01 1.354825e-03
9.705000e+01 1.358384e-03
9.710000e+01 1.361946e-03
9.715000e+01 1.365512e-03
9.720000e+01 1.369082e-03
9.725000e+01 1.372654e-03
9.730000e+01 1.376229e-03
9.735000e+01 1.379807e-03
9.740000e+01 1.383386e-03
9.745000e+01 1.386967e-03
9.750000e+01 1.390549e-03
9.755000e+01 1.394133e-03
9.760000e+01 1.397716e-03
9.765000e+01 1.401300e-03
9.770000e+01 1.404884e-03
9.775000e+01 1.408467e-03
9.780000e+01 1.412048e-03
9.785000e+01 1.415629e-03
9.790000e+01 1.419207e-03
9.795000e+01 1.422784e-03
9.800000e+01 1.426357e-03
9.805000e+01 1.429928e-03
9.810000e+01 1.433496e-03
9.815000e+01 1.437060e-03
9.820000e+01 1.440620e-03
9.825000e+01 1.444176e-03
9.830000e+01 1.447726e-03
9.835000e+01 1.451271e-03
9.840000e+01 1.454811e-03
9.845000e+01 1.458344e-03
9.850000e+01 1.461871e-03
9.855000e+01 1.465391e-03
9.860000e+01 1.468903e-03
9.865000e+01 1.472408e-03
9.870000e+01 1.475904e-03
9.875000e+01 1.479393e-03
9.880000e+01 1.482872e-03
9.885000e+01 1.486342e-03
9.890000e+01 1.489801e-03
9.895000e+01 1.493251e-03
9.900000e+01 1.496690e-03
9.905000e+01 1.500118e-03
9.910000e+01 1.503534e-03
9.915000e+01 1.506938e-03
9.920000e+01 1.510330e-03
9.925000e+01 1.513709e-03
9.930000e+01 1.517075e-03
9.935000e+01 1.520428e-03
9.940000e+01 1.523766e-03
9.945000e+01 1.527090e-03
9.950000e+01 1.530399e-03
9.955000e+01 1.533693e-03
9.960000e+01 1.536970e-03
9.965000e+01 1.540232e-03
9.970000e+01 1.543476e-03
9.975000e+01 1.546704e-03
9.980000e+01 1.549914e-03
9.985000e+01 1.553106e-03
9.990000e+01 1.556280e-03
9.995000e+01 1.559435e-03
1.000000e+02 1.562571e-03
1.000500e+02 1.565687e-03
1.001000e+02 1.568783e-03
1.001500e+02 1.571858e-03
1.002000e+02 1.574912e-03
1.002500e+02 1.577945e-03
1.003000e+02 1.580956e-03
1.003500e+02 1.583944e-03
1.004000e+02 1.586910e-03
1.004500e+02 1.589852e-03
1.005000e+02 1.592771e-03
1.005500e+02 1.595666e-03
1.006000e+02 1.598536e-03
1.006500e+02 1.601382e-03
1.007000e+02 1.604202e-03
1.007500e+02 1.606996e-03
1.008000e+02 1.609764e-03
1.008500e+02 1.612506e-03
1.009000e+02 1.615220e-03
1.009500e+02 1.617906e-03
1.010000e+02 1.620565e-03
1.010500e+02 1.623195e-03
1.011000e+02 1.625796e-03
1.011500e+02 1.628368e-03
1.012000e+02 1.630910e-03
1.012500e+02 1.633423e-03
1.013000e+02 1.635905e-03
1.013500e+02 1.638356e-03
1.014000e+02 1.640775e-03
1.014500e+02 1.643163e-03
1.015000e+02 1.645518e-03
1.015500e+02 1.647841e-03
1.016000e+02 1.650130e-03
1.016500e+02 1.652386e-03
1.017000e+02 1.654608e-03
1.017500e+02 1.656796e-03
1.018000e+02 1.658949e-03
1.018500e+02 1.661068e-03
1.019000e+02 1.663150e-03
1.019500e+02 1.665197e-03
1.020000e+02 1.667208e-03
1.020500e+02 1.669181e-03
1.021000e+02 1.671118e-03
1.021500e+02 1.673017e-03
1.022000e+02 1.674878e-03
1.022500e+02 1.676700e-03
1.023000e+02 1.678484e-03
1.023500e+02 1.680229e-03
1.024000e+02 1.681934e-03
1.024500e+02 1.683600e-03
1.025000e+02 1.685226e-03
1.025500e+02 1.686811e-03
1.026000e+02 1.688355e-03
1.026500e+02 1.689857e-03
1.027000e+02 1.691318e-03
1.027500e+02 1.692737e-03
1.028000e+02 1.694113e-03
1.028500e+02 1.695447e-03
1.029000e+02 1.696737e-03
1.029500e+02 1.697984e-03
1.030000e+02 1.699187e-03
1.030500e+02 1.700347e-03
1.031000e+02 1.701461e-03
1.031500e+02 1.702531e-03
1.032000e+02 1.703556e-03
1.032500e+02 1.704535e-03
1.033000e+02 1.705469e-03
1.033500e+02 1.706356e-03
1.034000e+02 1.707197e-03
1.034500e+02 1.707991e-03
1.035000e+02 1.708738e-03
1.035500e+02 1.709438e-03
1.036000e+02 1.710090e-03
1.036500e+02 1.710694e-03
1.037000e+02 1.711250e-03
1.037500e+02 1.711758e-03
1.038000e+02 1.712217e-03
1.038500e+02 1.712627e-03
1.039000e+02 1.712988e-03
1.039500e+02 1.713299e-03
1.040000e+02 1.713560e-03
1.040500e+02 1.713771e-03
1.041000e+02 1.713932e-03
1.041500e+02 1.714043e-03
1.042000e+02 1.714102e-03
1.042500e+02 1.714111e-03
1.043000e+02 1.714068e-03
1.043500e+02 1.713975e-03
1.044000e+02 1.713829e-03
1.044500e+02 1.713632e-03
1.045000e+02 1.713383e-03
1.045500e+02 1.713081e-03
1.046000e+02 1.712728e-03
1.046500e+02 1.712321e-03
1.047000e+02 1.711862e-03
1.047500e+02 1.711350e-03
1.048000e+02 1.710784e-03
1.048500e+02 1.710166e-03
1.049000e+02 1.709494e-03
1.049500e+02 1.708769e-03
1.050000e+02 1.707990e-03
1.050500e+02 1.707157e-03
1.051000e+02 1.706271e-03
1.051500e+02 1.705330e-03
1.052000e+02 1.704335e-03
1.052500e+02 1.703286e-03
1.053000e+02 1.702183e-03
1.053500e+02 1.701025e-03
1.054000e+02 1.699813e-03
1.054500e+02 1.698546e-03
1.055000e+02 1.697225e-03
1.055500e+02 1.695849e-03
1.056000e+02 1.694418e-03
1.056500e+02 1.692933e-03
1.057000e+02 1.691393e-03
1.057500e+02 1.689798e-03
1.058000e+02 1.688148e-03
1.058500e+02 1.686443e-03
1.059000e+02 1.684683e-03
1.059500e+02 1.682868e-03
1.060000e+02 1.680999e-03
1.060500e+02 1.679074e-03
1.061000e+02 1.677095e-03
1.061500e+02 1.675061e-03
1.062000e+02 1.672972e-03
1.062500e+02 1.670828e-03
1.063000e+02 1.668630e-03
1.063500e+02 1.666377e-03
1.064000e+02 1.664069e-03
1.064500e+02 1.661707e-03
1.065000e+02 1.659291e-03
1.065500e+02 1.656820e-03
1.066000e+02 1.654294e-03
1.066500e+02 1.651715e-03
1.067000e+02 1.649081e-03
1.067500e+02 1.646394e-03
1.068000e+02 1.643652e-03
1.068500e+02 1.640857e-03
1.069000e+02 1.638009e-03
1.069500e+02 1.635107e-03
1.070000e+02 1.632151e-03
1.070500e+02 1.629143e-03
1.071000e+02 1.626081e-03
1.071500e+02 1.622967e-03
1.072000e+02 1.619800e-03
1.072500e+02 1.616580e-03
1.073000e+02 1.613308e-03
1.073500e+02 1.609985e-03
1.074000e+02 1.606609e-03
1.074500e+02 1.603181e-03
1.075000e+02 1.599702e-03
1.075500e+02 1.596172e-03
1.076000e+02 1.592591e-03
1.076500e+02 1.588959e-03
1.077000e+02 1.585276e-03
1.077500e+02 1.581543e-03
1.078000e+02 1.577760e-03
1.078500e+02 1.573927e-03
1.079000e+02 1.570045e-03
1.079500e+02 1.566113e-03
1.080000e+02 1.562132e-03
1.080500e+02 1.558102e-03
1.081000e+02 1.554024e-03
1.081500e+02 1.549898e-03
1.082000e+02 1.545724e-03
1.082500e+02 1.541503e-03
1.083000e+02 1.537234e-03
1.083500e+02 1.532918e-03
1.084000e+02 1.528556e-03
1.084500e+02 1.524147e-03
1.085000e+02 1.519692e-03
1.085500e+02 1.515191e-03
1.086000e+02 1.510645e-03
1.086500e+02 1.506054e-03
1.087000e+02 1.501419e-03
1.087500e+02 1.496739e-03
1.088000e+02 1.492015e-03
1.088500e+02 1.487248e-03
1.089000e+02 1.482437e-03
1.089500e+02 1.477584e-03
1.090000e+02 1.472688e-03
1.090500e+02 1.467750e-03
1.091000e+02 1.462770e-03
1.091500e+02 1.457748e-03
1.092000e+02 1.452686e-03
1.092500e+02 1.447583e-03
1.093000e+02 1.442440e-03
1.093500e+02 1.437257e-03
1.094000e+02 1.432035e-03
1.094500e+02 1.426774e-03
1.095000e+02 1.421475e-03
1.095500e+02 1.416137e-03
1.096000e+02 1.410761e-03
1.096500e+02 1.405348e-03
1.097000e+02 1.399899e-03
1.097500e+02 1.394412e-03
1.098000e+02 1.388890e-03
1.098500e+02 1.383331e-03
1.099000e+02 1.377738e-03
1.099500e+02 1.372110e-03
1.100000e+02 1.366448e-03
1.100500e+02 1.360752e-03
1.101000e+02 1.355022e-03
1.101500e+02 1.349259e-03
1.102000e+02 1.343464e-03
1.102500e+02 1.337637e-03
1.103000e+02 1.331778e-03
1.103500e+02 1.325887e-03
1.104000e+02 1.319966e-03
1.104500e+02 1.314015e-03
1.105000e+02 1.308033e-03
1.105500e+02 1.302023e-03
1.106000e+02 1.295983e-03
1.106500e+02 1.289915e-03
1.107000e+02 1.283819e-03
1.107500e+02 1.277695e-03
1.108000e+02 1.271545e-03
1.108500e+02 1.265367e-03
1.109000e+02 1.259164e-03
1.109500e+02 1.252935e-03
1.110000e+02 1.246680e-03
1.110500e+02 1.240401e-03
1.111000e+02 1.234097e-03
1.111500e+02 1.227770e-03
1.112000e+02 1.221419e-03
1.112500e+02 1.215045e-03
1.113000e+02 1.208650e-03
1.113500e+02 1.202232e-03
1.114000e+02 1.195792e-03
1.114500e+02 1.189332e-03
1.115000e+02 1.182851e-03
1.115500e+02 1.176350e-03
1.116000e+02 1.169830e-03
1.116500e+02 1.163290e-03
1.117000e+02 1.156731e-03
1.117500e+02 1.150155e-03
1.118000e+02 1.143561e-03
1.118500e+02 1.136949e-03
1.119000e+02 1.130321e-03
1.119500e+02 1.123677e-03
1.120000e+02 1.117017e-03
1.120500e+02 1.110341e-03
1.121000e+02 1.103651e-03
1.121500e+02 1.096946e-03
1.122000e+02 1.090227e-03
1.122500e+02 1.083494e-03
1.123000e+02 1.076749e-03
1.123500e+02 1.069991e-03
1.124000e+02 1.063221e-03
1.124500e+02 1.056439e-03
1.125000e+02 1.049646e-03
1.125500e+02 1.042842e-03
1.126000e+02 1.036029e-03
1.126500e+02 1.029205e-03
1.127000e+02 1.022372e-03
1.127500e+02 1.015530e-03
1.128000e+02 1.008680e-03
1.128500e+02 1.001821e-03
1.129000e+02 9.949552e-04
1.129500e+02 9.880819e-04
1.130000e+02 9.812021e-04
1.130500e+02 9.743160e-04
1.131000e+02 9.674242e-04
1.131500e+02 9.605270e-04
1.132000e+02 9.536250e-04
1.132500e+02 9.467186e-04
1.133000e+02 9.398081e-04
1.133500e+02 9.328939e-04
1.134000e+02 9.259765e-04
1.134500e+02 9.190563e-04
1.135000e+02 9.121338e-04
1.135500e+02 9.052092e-04
1.136000e+02 8.982832e-04
1.136500e+02 8.913560e-04
1.137000e+02 8.844283e-04
1.137500e+02 8.775003e-04
1.138000e+02 8.705725e-04
1.138500e+02 8.636453e-04
1.139000e+02 8.567191e-04
1.139500e+02 8.497942e-04
1.140000e+02 8.428711e-04
1.140500e+02 8.359500e-04
1.141000e+02 8.290315e-04
1.141500e+02 8.221158e-04
1.142000e+02 8.152035e-04
1.142500e+02 8.082948e-04
1.143000e+02 8.013903e-04
1.143500e+02 7.944902e-04
1.144000e+02 7.875951e-04
1.144500e+02 7.807052e-04
1.145000e+02 7.738209e-04
1.145500e+02 7.669425e-04
1.146000e+02 7.600705e-04
1.146500e+02 7.532051e-04
1.147000e+02 7.463466e-04
1.147500e+02 7.394955e-04
1.148000e+02 7.326521e-04
1.148500e+02 7.258168e-04
1.149000e+02 7.189899e-04
1.149500e+02 7.121718e-04
1.150000e+02 7.053628e-04
1.150500e+02 6.985634e-04
1.151000e+02 6.917737e-04
1.151500e+02 6.849941e-04
1.152000e+02 6.782250e-04
1.152500e+02 6.714666e-04
1.153000e+02 6.647192e-04
1.153500e+02 6.579831e-04
1.154000e+02 6.512586e-04
1.154500e+02 6.445462e-04
1.155000e+02 6.378460e-04
1.155500e+02 6.311584e-04
1.156000e+02 6.244837e-04
1.156500e+02 6.178223e-04
1.157000e+02 6.111744e-04
1.157500e+02 6.045403e-04
1.158000e+02 5.979202e-04
1.158500e+02 5.913145e-04
1.159000e+02 5.847233e-04
1.159500e+02 5.781469e-04
1.160000e+02 5.715857e-04
1.160500e+02 5.650397e-04
1.161000e+02 5.585095e-04
1.161500e+02 5.519952e-04
1.162000e+02 5.454970e-04
1.162500e+02 5.390154e-04
1.163000e+02 5.325505e-04
1.163500e+02 5.261025e-04
1.164000e+02 5.196717e-04
1.164500e+02 5.132583e-04
1.165000e+02 5.068625e-04
1.165500e+02 5.004845e-04
1.166000e+02 4.941246e-04
1.166500e+02 4.877829e-04
1.167000e+02 4.814597e-04
1.167500e+02 4.751553e-04
1.168000e+02 4.688698e-04
1.168500e+02 4.626035e-04
1.169000e+02 4.563567e-04
1.169500e+02 4.501294e-04
1.170000e+02 4.439219e-04
1.170500e+02 4.377345e-04
1.171000e+02 4.315671e-04
1.171500e+02 4.254201e-04
1.172000e+02 4.192935e-04
1.172500e+02 4.131876e-04
1.173000e+02 4.071025e-04
1.173500e+02 4.010385e-04
1.174000e+02 3.949957e-04
1.174500e+02 3.889743e-04
1.175000e+02 3.829745e-04
1.175500e+02 3.769965e-04
1.176000e+02 3.710404e-04
1.176500e+02 3.651063e-04
1.177000e+02 3.591944e-04
1.177500e+02 3.533048e-04
1.178000e+02 3.474376e-04
1.178500e+02 3.415930e-04
1.179000e+02 3.357711e-04
1.179500e+02 3.299720e-04
1.180000e+02 3.241960e-04
1.180500e+02 3.184431e-04
1.181000e+02 3.127135e-04
1.181500e+02 3.070073e-04
1.182000e+02 3.013246e-04
1.182500e+02 2.956656e-04
1.183000e+02 2.900304e-04
1.183500e+02 2.844189e-04
1.184000e+02 2.788314e-04
1.184500e+02 2.732679e-04
1.185000e+02 2.677285e-04
1.185500e+02 2.622133e-04
1.186000e+02 2.567224e-04
1.186500e+02 2.512560e-04
1.187000e+02 2.458140e-04
1.187500e+02 2.403968e-04
1.188000e+02 2.350042e-04
1.188500e+02 2.296365e-04
1.189000e+02 2.242936e-04
1.189500e+02 2.189756e-04
1.190000e+02 2.136826e-04
1.190500e+02 2.084146e-04
1.191000e+02 2.031717e-04
1.191500e+02 1.979540e-04
1.192000e+02 1.927614e-04
1.192500e+02 1.875941e-04
1.193000e+02 1.824522e-04
1.193500e+02 1.773358e-04
1.194000e+02 1.722448e-04
1.194500e+02 1.671794e-04
1.195000e+02 1.621396e-04
1.195500e+02 1.571254e-04
1.196000e+02 1.521368e-04
1.196500e+02 1.471738e-04
1.197000e+02 1.422365e-04
1.197500e+02 1.373249e-04
1.198000e+02 1.324390e-04
1.198500e+02 1.275789e-04
1.199000e+02 1.227446e-04
1.199500e+02 1.179362e-04
1.200000e+02 1.131537e-04
